0.00 65.76 76.53 73.43 92.44 38.48 81.47 26.00 74.41 71.57 97.45 26.17 76.12 87.32 58.00 91.22 105.38 42.54 49.40 30.81 46.69 88.75 72.95 93.68 114.86 28.60 68.15 92.44 12.53 96.30 95.88 63.89 57.01 120.60 94.13 91.84 110.26 50.93 85.80 89.44 64.66 22.47 42.43 31.40 2.00 51.22 49.03 66.53 53.04 22.09 40.85 33.42 55.08 44.05 90.34 14.21 73.44 63.79 69.23 19.10 79.31 98.41 29.00 99.28 79.03 39.85 75.39 35.17 42.94 15.62 46.01 22.36 45.04 98.33 79.76 56.52 83.01 89.94 67.23 42.38 29.73 82.98 52.00 96.83 2.24 12.08 59.68 56.61 77.49 59.54 96.67 102.93 60.31 100.12 37.70 84.76 78.10 45.04 94.25 89.31
65.76 0.00 11.05 46.01 42.44 39.70 64.12 64.66 59.68 98.47 71.85 46.69 99.64 77.52 57.70 26.00 86.37 37.48 33.84 70.46 55.00 85.51 79.85 43.83 81.34 49.93 7.07 33.02 62.63 44.82 45.80 63.69 26.93 88.60 32.65 63.79 81.74 55.76 80.23 23.77 45.12 58.05 23.35 49.41 66.10 48.88 26.25 62.30 54.20 44.64 27.46 40.52 12.21 49.04 52.50 54.01 8.25 20.10 4.24 69.35 22.02 57.27 37.36 59.09 16.12 27.07 88.14 71.22 40.36 53.00 55.61 45.00 23.32 33.06 25.24 25.08 83.93 77.16 74.73 25.32 52.43 32.25 34.48 86.15 65.12 60.01 88.87 13.04 93.91 89.50 85.09 68.62 52.55 87.01 68.01 40.85 19.10 21.54 45.49 60.67
76.53 11.05 0.00 46.57 36.40 48.02 64.76 73.79 61.35 104.35 70.00 57.71 105.00 78.59 62.43 17.03 85.05 45.22 40.36 79.26 61.52 87.28 83.73 37.70 77.13 59.03 12.81 24.08 72.80 38.01 39.40 67.74 31.89 84.40 22.80 62.01 78.64 61.62 81.91 13.89 47.85 69.05 34.13 58.18 76.79 54.56 33.84 65.76 59.67 55.11 38.47 51.42 21.84 55.97 49.25 65.00 3.16 23.02 8.94 79.12 16.28 52.63 47.85 54.57 7.62 38.12 92.44 79.61 47.80 64.01 62.24 56.01 32.89 22.02 20.22 30.41 86.54 77.67 79.08 36.35 61.29 27.46 40.31 86.49 75.80 71.03 95.46 23.41 98.48 96.17 85.33 64.94 56.60 86.83 76.03 37.22 13.15 31.78 39.56 59.03
73.43 46.01 46.57 0.00 27.31 35.23 18.25 55.32 15.26 65.19 27.73 70.29 64.20 32.02 24.74 61.33 41.00 31.40 25.46 57.31 32.06 40.85 40.31 27.86 42.43 45.19 53.04 38.90 63.16 31.02 29.41 26.42 22.85 48.92 43.14 20.25 39.66 29.02 35.47 57.27 9.22 79.91 47.41 42.54 72.47 24.33 30.53 23.02 26.02 54.04 57.25 68.51 40.02 31.05 17.46 69.53 44.91 26.02 49.16 64.29 32.65 25.71 50.21 26.25 40.85 54.59 49.52 55.04 30.53 69.43 33.06 63.66 38.95 55.61 29.15 24.70 40.82 31.26 37.20 55.46 44.94 24.76 22.63 40.20 71.59 75.43 59.62 53.94 55.90 60.54 39.12 29.83 18.25 41.00 50.01 17.89 34.93 42.49 27.20 17.20
92.44 42.44 36.40 27.31 0.00 54.74 40.31 79.01 40.80 92.28 38.28 82.15 90.97 53.41 51.87 45.00 53.45 50.64 43.57 82.15 57.71 63.25 66.61 1.41 41.30 66.48 47.89 16.28 84.17 4.00 3.61 53.67 35.44 48.51 20.62 31.30 44.10 55.32 58.14 41.01 35.17 93.15 56.30 64.28 91.92 49.50 43.66 50.12 52.39 70.84 64.82 78.01 44.05 55.08 17.00 85.09 36.67 30.02 43.42 87.21 20.59 17.00 65.00 19.00 28.79 63.01 75.80 80.50 51.24 84.58 58.69 77.37 49.65 34.21 17.20 36.06 65.05 51.04 64.14 62.63 67.19 10.63 41.30 58.67 90.96 91.39 86.93 54.67 82.20 87.85 57.31 30.07 45.22 57.70 75.66 9.49 23.71 51.62 3.16 29.15
38.48 39.70 48.02 35.23 54.74 0.00 46.04 26.25 39.12 60.84 60.88 37.58 62.97 55.15 26.48 64.90 71.02 4.12 11.18 31.30 18.25 59.67 48.00 55.90 77.34 12.04 45.28 57.43 29.43 58.69 58.05 33.54 20.02 83.49 60.02 54.49 73.55 21.00 55.36 61.91 26.91 45.80 23.09 10.44 37.70 16.76 14.32 34.48 21.21 19.10 31.14 38.08 27.59 12.04 51.88 34.66 44.94 28.64 43.93 33.14 44.91 59.93 17.09 60.83 47.54 28.16 54.45 31.62 5.00 34.71 18.44 30.02 17.20 67.42 44.28 20.22 55.58 56.80 42.01 30.41 13.60 46.04 13.60 65.00 36.77 40.36 50.25 38.08 59.23 50.77 64.47 65.00 25.50 67.54 28.32 46.57 44.64 20.59 56.29 51.74
81.47 64.12 64.76 18.25 40.31 46.04 0.00 59.17 7.07 54.71 16.55 83.35 52.39 13.93 24.19 79.12 25.06 43.05 39.00 59.09 35.23 23.32 27.86 40.31 35.11 53.04 71.18 54.64 69.81 43.19 41.11 20.62 39.46 39.82 59.08 14.04 29.15 31.06 18.03 75.03 20.88 91.84 62.94 50.21 80.16 30.41 45.88 16.76 28.60 65.00 72.73 82.76 57.31 37.48 24.41 80.43 63.15 44.05 67.36 68.60 50.33 30.46 62.77 29.73 58.82 69.89 36.67 55.71 41.05 80.60 36.06 76.01 54.41 72.20 46.62 41.44 24.76 13.04 27.29 71.17 51.74 41.18 36.40 22.02 79.40 85.80 52.24 71.34 42.94 53.24 21.00 26.02 21.21 23.19 50.70 32.20 52.81 58.24 38.95 13.60
26.00 64.66 73.79 55.32 79.01 26.25 59.17 0.00 52.35 47.01 75.66 42.95 51.09 62.97 34.99 90.43 81.69 29.83 36.50 6.71 24.17 63.41 47.17 80.02 93.91 14.76 69.40 83.36 13.60 83.01 82.05 39.82 45.89 98.98 86.12 71.18 88.32 28.18 60.88 87.66 46.10 45.04 43.86 15.81 24.17 31.05 40.50 43.01 30.87 25.06 48.01 47.76 52.48 24.33 72.78 33.02 70.66 54.82 68.80 9.43 71.06 81.02 30.61 81.49 73.74 45.61 49.40 10.05 28.28 34.06 23.26 35.44 41.34 93.64 70.21 46.32 57.43 65.95 41.62 48.41 12.65 71.25 38.21 72.14 23.77 35.36 35.01 60.14 51.66 35.06 72.12 83.01 39.00 75.66 11.70 70.11 70.88 43.60 80.10 69.08
74.41 59.68 61.35 15.26 40.80 39.12 7.07 52.35 0.00 51.89 23.32 76.54 50.25 18.00 17.46 76.49 31.91 36.24 32.57 52.55 28.30 25.96 25.81 41.05 41.63 45.97 66.75 53.81 62.80 44.10 42.19 15.00 34.01 46.65 58.14 19.42 36.06 24.19 20.62 72.45 15.03 84.88 56.75 43.14 73.11 23.35 39.81 11.00 21.63 58.01 66.48 76.16 52.01 30.41 26.57 73.41 59.48 39.62 63.15 61.77 47.89 33.73 55.95 33.38 55.95 63.60 35.00 49.34 34.13 73.60 29.15 69.12 48.27 70.80 44.42 36.01 25.55 18.44 23.77 65.00 44.69 39.82 30.08 27.29 72.35 78.75 48.05 66.03 41.40 49.03 26.48 31.58 14.14 29.12 44.27 31.89 50.09 52.17 39.96 18.03
71.57 98.47 104.35 65.19 92.28 60.84 54.71 47.01 51.89 0.00 67.74 89.56 5.66 47.17 42.45 121.17 64.20 61.77 64.64 41.05 43.57 40.11 26.93 92.66 85.15 55.79 104.85 103.60 60.07 95.77 93.94 38.83 72.47 87.02 107.62 68.41 77.03 42.80 42.05 117.52 59.03 92.01 83.77 54.41 69.58 49.82 72.40 42.19 44.69 70.21 90.76 93.56 87.13 49.74 78.39 80.02 101.67 81.47 102.65 52.47 94.85 85.09 73.76 84.43 101.14 87.92 19.03 37.00 58.67 81.06 43.05 81.74 77.83 119.00 92.20 74.03 34.00 51.16 28.18 90.48 52.63 89.40 64.20 51.24 69.46 82.10 12.00 98.84 14.32 12.04 52.15 79.62 48.92 55.33 36.35 83.01 96.18 81.39 91.71 68.31
97.45 71.85 70.00 27.73 38.28 60.88 16.55 75.66 23.32 67.74 0.00 97.42 64.54 20.88 40.71 82.04 15.30 57.49 52.43 75.64 51.62 29.97 41.11 37.70 18.68 68.88 78.64 54.41 86.02 39.81 37.58 37.00 50.57 23.32 58.82 8.06 12.81 47.51 26.25 77.93 34.21 106.53 75.13 66.07 96.21 46.23 58.18 33.24 44.94 79.98 84.97 96.04 67.36 53.41 21.59 95.52 69.07 52.63 74.43 85.09 54.08 23.02 77.01 21.40 63.07 82.30 48.84 72.24 55.90 95.59 52.48 90.43 66.65 72.42 50.09 52.39 34.48 17.09 42.11 83.19 67.80 43.29 49.65 21.93 95.43 101.12 67.03 81.04 54.57 68.03 20.52 12.53 37.20 20.00 67.23 33.24 57.04 70.21 35.85 11.18
26.17 46.69 57.71 70.29 82.15 37.58 83.35 42.95 76.54 89.56 97.42 0.00 93.19 92.70 63.57 70.03 108.41 40.31 45.00 49.48 53.60 96.77 83.55 83.53 112.61 35.23 47.01 77.83 31.78 85.59 85.76 70.52 48.84 119.21 78.45 90.43 109.81 57.28 92.70 69.03 63.25 11.40 25.94 37.48 27.59 54.23 40.31 71.87 58.19 20.22 19.24 7.62 39.00 48.38 84.90 12.04 54.92 52.15 49.25 40.72 65.00 92.20 20.59 93.51 62.10 19.92 88.46 52.95 42.49 10.63 53.37 8.06 32.80 79.63 66.64 47.51 92.18 94.37 77.47 21.38 38.12 71.69 47.80 102.55 26.91 15.65 77.65 35.01 92.09 77.78 102.04 99.76 63.07 105.12 53.24 76.40 62.97 30.53 84.60 87.46
76.12 99.64 105.00 64.20 90.97 62.97 52.39 51.09 50.25 5.66 64.54 93.19 0.00 43.74 42.64 121.66 60.01 63.56 65.86 45.40 45.19 36.01 24.60 91.27 81.50 58.86 106.17 102.94 64.38 94.34 92.44 38.21 73.24 83.02 107.06 65.79 73.25 43.91 38.47 117.92 58.69 96.13 86.03 57.27 74.15 50.77 73.82 41.23 45.49 73.55 93.41 96.88 88.59 51.48 76.48 84.02 102.42 82.01 103.77 57.07 94.76 82.86 76.69 82.08 101.41 90.52 15.81 41.19 60.42 85.01 44.78 85.29 79.71 118.80 91.93 74.89 30.27 47.68 27.02 93.01 55.73 88.73 65.19 47.01 73.98 86.37 16.49 100.72 10.05 16.76 48.00 76.66 48.84 51.04 40.01 81.84 96.26 83.38 90.21 65.92
87.32 77.52 78.59 32.02 53.41 55.15 13.93 62.97 18.00 47.17 20.88 92.70 43.74 0.00 29.68 93.05 19.24 52.81 50.01 61.40 40.80 9.90 21.21 53.26 38.01 59.91 84.59 68.26 75.07 55.97 53.81 23.43 52.01 40.45 72.72 23.60 30.07 36.62 5.39 88.96 33.02 100.24 74.33 57.14 85.80 38.48 57.56 21.10 34.99 73.36 83.95 92.97 70.01 44.78 36.80 88.32 76.90 57.43 80.89 72.25 64.26 41.40 72.24 40.22 72.73 81.02 28.16 57.43 50.33 88.68 41.40 85.00 65.92 85.96 60.54 54.01 13.60 4.00 23.77 82.57 58.01 55.01 47.68 9.85 85.15 93.19 47.68 84.02 33.73 48.66 9.43 33.24 29.73 12.81 52.80 45.79 66.73 69.87 51.74 24.76
58.00 57.70 62.43 24.74 51.87 26.48 24.19 34.99 17.46 42.45 40.71 63.57 42.64 29.68 0.00 79.03 47.38 25.02 24.74 35.11 11.31 33.24 22.56 52.50 59.09 30.23 64.47 61.59 46.01 55.66 54.12 7.07 30.89 64.01 65.46 36.69 53.34 7.07 29.15 75.29 17.00 70.66 48.04 27.46 56.57 10.00 32.98 8.60 5.39 43.86 57.04 64.54 47.43 15.23 41.05 58.67 59.91 39.41 61.72 44.42 52.40 49.00 43.42 49.04 58.80 54.04 30.46 32.02 22.09 59.06 12.04 55.71 40.31 76.58 49.82 32.65 29.15 32.02 17.09 56.00 28.43 47.51 23.41 39.45 55.87 63.51 35.36 60.64 36.24 36.24 39.12 48.76 6.71 42.44 26.93 42.38 53.74 44.28 51.92 34.93
91.22 26.00 17.03 61.33 45.00 64.90 79.12 90.43 76.49 121.17 82.04 70.03 121.66 93.05 79.03 0.00 97.32 62.20 57.38 96.04 78.52 102.16 99.86 46.01 86.15 75.66 23.19 29.15 88.60 45.18 47.10 84.05 48.80 93.26 25.50 74.33 89.05 78.52 96.77 4.12 63.81 81.01 49.04 74.95 91.68 71.45 50.80 81.84 76.49 70.52 51.24 63.01 38.01 73.00 60.53 78.77 20.00 39.70 22.14 95.34 28.79 62.00 63.25 64.00 20.59 51.62 108.72 96.52 64.82 77.65 79.25 69.72 49.19 15.00 32.57 47.38 101.97 91.71 95.44 49.37 78.03 38.83 57.28 100.28 90.71 84.48 112.43 35.13 114.86 113.15 99.04 75.03 73.01 100.17 93.01 48.84 26.40 47.54 48.01 71.59
105.38 86.37 85.05 41.00 53.45 71.02 25.06 81.69 31.91 64.20 15.30 108.41 60.01 19.24 47.38 97.32 0.00 68.10 63.98 80.45 58.69 24.08 39.85 52.81 23.26 77.34 93.26 69.64 93.35 54.78 52.55 41.87 63.60 23.19 74.04 23.09 14.76 54.45 23.09 93.21 45.69 116.76 87.66 74.52 103.95 55.00 70.58 38.90 52.40 89.87 97.50 107.79 81.02 61.85 36.88 105.21 84.00 66.75 89.14 91.05 69.26 37.58 87.82 35.78 78.23 94.70 45.40 76.55 66.04 105.44 59.40 101.02 79.12 87.64 65.28 65.52 30.41 15.81 42.95 95.86 75.74 58.55 61.33 13.00 103.25 110.42 66.22 94.92 50.04 67.19 12.04 25.24 45.80 9.06 71.85 48.51 72.17 82.87 50.92 26.02
42.54 37.48 45.22 31.40 50.64 4.12 43.05 29.83 36.24 61.77 57.49 40.31 63.56 52.81 25.02 62.20 68.10 0.00 7.07 34.54 18.38 57.87 47.17 51.79 73.66 16.00 43.42 53.60 33.54 54.59 53.94 32.06 16.12 79.91 56.29 50.91 70.09 20.40 53.37 59.08 23.35 49.04 23.19 14.14 41.79 15.03 11.40 32.56 20.02 22.67 32.02 40.16 25.61 12.08 47.89 38.21 42.20 25.00 41.73 37.05 41.23 55.90 19.72 56.82 44.28 29.02 54.13 34.48 3.16 38.18 18.79 33.02 16.16 64.08 40.45 16.49 54.15 54.23 41.30 31.02 17.26 42.01 9.49 62.63 40.85 44.05 51.61 37.16 59.20 52.20 62.03 61.22 23.09 65.00 30.81 42.45 41.11 19.92 52.17 48.10
49.40 33.84 40.36 25.46 43.57 11.18 39.00 36.50 32.57 64.64 52.43 45.00 65.86 50.01 24.74 57.38 63.98 7.07 0.00 40.80 21.26 56.08 47.30 44.72 67.88 23.02 40.31 46.87 40.61 47.52 46.87 31.40 9.49 74.33 49.73 45.45 64.82 21.95 51.24 54.04 18.36 54.45 24.33 21.02 48.70 15.23 8.25 31.02 20.62 28.84 33.96 43.83 22.85 15.62 41.34 44.20 37.48 18.79 38.01 44.01 34.79 49.24 24.76 50.25 38.59 31.05 55.03 40.31 8.25 44.05 21.93 38.21 16.03 58.14 33.73 10.30 53.08 50.96 41.76 32.56 24.08 35.00 2.83 59.67 47.76 50.22 55.23 35.90 60.54 55.90 58.94 55.23 21.00 61.68 36.24 35.44 34.93 20.02 45.12 42.52
30.81 70.46 79.26 57.31 82.15 31.30 59.09 6.71 52.55 41.05 75.64 49.48 45.40 61.40 35.11 96.04 80.45 34.54 40.80 0.00 25.32 60.83 44.05 83.10 94.15 20.62 75.43 87.56 19.03 86.15 85.05 38.95 50.29 98.84 90.52 71.78 88.10 28.86 58.80 93.15 48.17 51.01 50.21 21.10 28.86 33.06 45.62 42.49 31.78 31.76 54.64 54.42 58.25 27.07 74.67 39.20 76.16 59.46 74.63 12.08 75.58 82.87 37.20 83.19 78.79 52.20 45.18 4.47 32.57 40.31 24.33 42.06 47.20 98.62 74.46 50.92 54.56 64.64 38.90 55.00 18.03 74.97 42.20 70.18 28.64 41.05 29.07 66.47 46.82 29.02 70.29 83.82 40.02 73.88 8.60 73.03 75.61 49.68 83.02 69.92
46.69 55.00 61.52 32.06 57.71 18.25 35.23 24.17 28.30 43.57 51.62 53.60 45.19 40.80 11.31 78.52 58.69 18.38 21.26 25.32 0.00 43.46 30.15 58.55 69.77 19.24 61.29 65.00 34.71 61.66 60.41 17.49 29.83 74.95 68.45 47.01 64.35 4.24 39.82 75.07 23.00 60.01 41.23 16.55 45.25 8.25 28.84 19.85 6.71 33.53 49.37 55.33 43.57 6.32 49.37 47.85 58.69 39.20 59.20 33.54 54.20 57.56 34.13 57.87 59.20 46.39 36.22 23.00 15.23 48.33 1.00 45.61 34.54 78.23 52.33 31.14 38.60 43.28 24.08 48.66 17.20 51.55 21.26 50.48 44.55 52.48 33.97 55.54 41.00 34.66 50.22 58.87 14.87 53.60 18.03 48.37 54.92 38.28 58.31 44.94
88.75 85.51 87.28 40.85 63.25 59.67 23.32 63.41 25.96 40.11 29.97 96.77 36.01 9.90 33.24 102.16 24.08 57.87 56.08 60.83 43.46 0.00 17.20 63.13 45.71 62.65 92.57 77.94 76.28 65.86 63.70 26.25 59.30 47.01 82.38 33.42 37.34 39.56 5.39 98.09 40.45 103.47 80.31 60.01 87.09 42.95 64.01 25.32 38.60 76.90 89.68 97.74 77.23 48.38 46.69 91.29 85.44 65.51 89.05 72.35 73.41 51.22 76.66 50.00 81.71 86.70 21.38 56.57 55.11 91.79 43.86 88.87 72.11 95.52 69.78 61.29 6.71 13.04 21.93 88.46 60.37 64.50 54.01 11.18 86.53 95.71 42.72 91.14 26.00 43.66 12.04 42.49 35.13 15.30 52.40 55.47 75.77 76.11 61.62 34.66
72.95 79.85 83.73 40.31 66.61 48.00 27.86 47.17 25.81 26.93 41.11 83.55 24.60 21.21 22.56 99.86 39.85 47.17 47.30 44.05 30.15 17.20 0.00 66.85 59.03 48.51 86.73 79.21 60.42 69.89 67.96 16.16 52.92 61.66 83.44 41.48 51.24 27.00 16.76 95.96 36.06 89.19 70.35 46.10 71.20 32.39 55.54 18.03 27.17 63.35 79.06 85.48 69.92 36.01 51.88 76.84 81.41 60.83 83.77 55.80 72.01 58.31 64.28 57.58 79.32 76.06 9.22 39.70 44.10 77.49 30.27 75.50 62.80 95.67 68.88 54.78 10.63 25.18 6.08 78.16 45.88 65.05 45.88 27.73 70.71 80.78 26.48 83.20 15.62 27.46 28.23 52.77 27.31 31.78 35.81 57.63 73.82 66.75 65.73 41.44
93.68 43.83 37.70 27.86 1.41 55.90 40.31 80.02 41.05 92.66 37.70 83.53 91.27 53.26 52.50 46.01 52.81 51.79 44.72 83.10 58.55 63.13 66.85 0.00 40.20 67.60 49.24 17.12 85.33 3.16 2.24 54.13 36.69 47.38 21.38 30.89 43.19 56.09 58.05 42.05 35.90 94.51 57.69 65.38 93.15 50.36 44.94 50.54 53.15 72.11 66.22 79.40 45.45 56.04 16.64 86.41 38.01 31.38 44.78 88.28 21.95 16.03 66.31 18.03 30.08 64.40 76.03 81.39 52.35 85.91 59.54 78.71 51.00 34.93 18.60 37.34 65.07 50.80 64.50 64.03 68.26 12.04 42.43 58.31 92.18 92.70 87.46 56.08 82.42 88.39 56.94 29.15 45.88 57.25 76.53 10.20 25.06 53.00 2.00 28.84
114.86 81.34 77.13 42.43 41.30 77.34 35.11 93.91 41.63 85.15 18.68 112.61 81.50 38.01 59.09 86.15 23.26 73.66 67.88 94.15 69.77 45.71 59.03 40.20 0.00 86.27 87.60 57.04 103.77 41.01 39.05 55.66 64.20 7.28 61.00 23.02 8.54 65.74 43.10 82.22 50.45 122.33 88.81 83.49 113.72 63.81 72.47 51.87 63.06 96.33 98.47 110.42 79.26 71.02 29.07 111.87 76.92 64.01 83.17 103.31 60.88 24.52 92.63 22.56 69.63 96.02 66.12 90.82 72.47 111.80 70.66 106.08 80.60 74.11 57.01 65.80 51.24 34.01 60.53 96.52 85.44 49.73 65.05 35.44 112.89 117.69 85.29 92.14 71.45 86.28 34.21 13.04 55.07 31.95 85.80 40.50 64.03 83.82 38.21 25.61
28.60 49.93 59.03 45.19 66.48 12.04 53.04 14.76 45.97 55.79 68.88 35.23 58.86 59.91 30.23 75.66 77.34 16.00 23.02 20.62 19.24 62.65 48.51 67.60 86.27 0.00 54.82 69.46 18.03 70.46 69.72 36.72 32.06 92.01 72.01 63.25 81.69 23.32 59.06 72.90 36.24 40.85 29.83 2.83 27.46 22.67 25.96 38.83 25.00 15.03 35.34 38.12 37.74 15.56 62.39 28.64 55.90 40.61 54.08 21.10 56.89 70.58 18.03 71.31 59.14 32.65 53.24 22.02 15.30 29.15 18.79 27.17 26.63 79.06 56.32 32.25 57.58 62.20 42.45 35.36 3.16 58.01 25.18 69.64 26.63 33.29 44.27 46.01 57.00 44.60 69.34 74.43 31.83 72.67 20.12 58.05 56.52 29.07 67.90 60.75
68.15 7.07 12.81 53.04 47.89 45.28 71.18 69.40 66.75 104.85 78.64 47.01 106.17 84.59 64.47 23.19 93.26 43.42 40.31 75.43 61.29 92.57 86.73 49.24 87.60 54.82 0.00 36.77 66.21 49.93 51.11 70.58 33.84 94.87 35.61 70.58 88.29 62.27 87.30 22.02 52.17 58.14 26.40 54.56 68.68 55.47 32.45 69.26 60.83 47.93 28.07 40.20 17.80 55.22 58.94 55.58 11.40 27.17 4.47 73.43 27.29 63.32 40.72 65.19 19.85 28.44 94.94 76.49 46.40 54.45 61.85 46.53 28.32 33.24 30.87 31.95 90.96 84.21 81.54 26.17 57.49 38.08 41.15 93.19 67.72 61.29 95.00 12.00 100.65 95.60 92.14 75.00 59.46 94.02 73.54 47.13 24.19 25.81 51.00 67.48
92.44 33.02 24.08 38.90 16.28 57.43 54.64 83.36 53.81 103.60 54.41 77.83 102.94 68.26 61.59 29.15 69.64 53.60 46.87 87.56 65.00 77.94 79.21 17.12 57.04 69.46 36.77 0.00 86.02 16.03 18.00 64.82 37.48 64.12 4.47 47.17 60.30 63.51 72.67 25.32 44.65 89.20 52.20 67.74 92.27 56.86 44.01 61.72 60.83 70.35 59.09 72.50 38.90 61.03 32.89 82.98 25.50 29.02 32.56 90.55 13.15 33.14 63.64 35.13 17.03 57.94 88.41 86.68 55.11 82.23 65.92 74.46 47.52 18.03 13.15 37.22 79.03 66.24 75.93 56.86 70.86 14.21 45.35 74.25 91.27 89.27 96.90 46.04 94.79 97.75 72.92 46.27 54.92 73.54 82.22 22.47 14.87 48.27 19.10 44.78
12.53 62.63 72.80 63.16 84.17 29.43 69.81 13.60 62.80 60.07 86.02 31.78 64.38 75.07 46.01 88.60 93.35 33.54 40.61 19.03 34.71 76.28 60.42 85.33 103.77 18.03 66.21 86.02 0.00 88.12 87.48 51.66 49.16 109.29 88.20 80.78 98.81 38.95 73.41 86.33 54.13 32.06 39.81 20.62 10.82 39.96 42.01 54.45 41.23 18.36 41.23 37.74 50.96 32.76 80.41 20.62 69.64 57.01 66.48 8.94 73.11 88.60 25.50 89.32 74.15 39.41 62.97 23.19 33.24 21.84 33.97 25.24 40.02 93.94 73.00 49.04 70.49 77.79 54.71 42.20 18.36 75.33 42.95 84.50 10.30 22.02 48.09 55.57 65.25 48.04 84.39 92.18 48.83 87.86 25.30 75.93 72.34 41.11 85.70 78.39
96.30 44.82 38.01 31.02 4.00 58.69 43.19 83.01 44.10 95.77 39.81 85.59 94.34 55.97 55.66 45.18 54.78 54.59 47.52 86.15 61.66 65.86 69.89 3.16 41.01 70.46 49.93 16.03 88.12 0.00 2.24 57.27 39.29 48.09 20.02 33.29 44.55 59.23 60.83 41.30 39.05 96.65 59.68 68.26 95.80 53.46 47.43 53.67 56.29 74.63 68.01 81.27 47.20 59.08 19.21 88.77 38.59 33.54 45.49 91.20 22.80 17.46 68.71 19.42 30.41 66.29 79.06 84.48 55.23 88.24 62.65 80.96 53.23 33.38 19.80 39.85 67.94 53.41 67.60 65.80 71.18 13.89 45.28 60.75 94.83 95.08 90.62 57.31 85.45 91.55 59.36 30.59 49.04 59.54 79.63 13.34 25.81 55.07 4.24 31.40
95.88 45.80 39.40 29.41 3.61 58.05 41.11 82.05 42.19 93.94 37.58 85.76 92.44 53.81 54.12 47.10 52.55 53.94 46.87 85.05 60.41 63.70 67.96 2.24 39.05 69.72 51.11 18.00 87.48 2.24 0.00 55.54 38.90 46.17 22.09 31.06 42.43 57.87 58.69 43.19 37.66 96.75 59.91 67.48 95.34 52.24 47.17 51.89 54.92 74.33 68.41 81.61 47.63 58.01 17.03 88.64 39.82 33.62 46.65 90.35 23.85 15.30 68.54 17.26 31.78 66.61 77.10 83.29 54.45 88.14 61.40 80.95 53.24 35.51 20.62 39.56 65.86 51.22 65.76 66.22 70.35 14.21 44.55 58.52 94.37 94.94 88.96 58.14 83.49 89.89 57.14 28.44 47.54 57.31 78.41 12.04 26.93 55.23 2.24 29.21
63.89 63.69 67.74 26.42 53.67 33.54 20.62 39.82 15.00 38.83 37.00 70.52 38.21 23.43 7.07 84.05 41.87 32.06 31.40 38.95 17.49 26.25 16.16 54.13 55.66 36.72 70.58 64.82 51.66 57.27 55.54 0.00 36.77 60.01 68.88 34.23 49.24 13.42 22.36 80.21 20.52 77.39 55.01 34.00 62.37 17.03 39.62 4.00 12.37 50.70 64.07 71.59 53.85 22.14 41.00 65.30 65.37 44.78 67.62 49.20 56.64 48.51 50.45 48.26 63.60 61.07 24.70 35.34 29.15 65.74 18.03 62.63 47.17 80.61 53.74 38.63 22.09 26.17 11.40 63.01 34.67 50.61 29.83 33.02 61.72 69.97 33.53 67.27 30.81 34.48 32.80 46.39 11.18 36.24 30.41 44.29 58.26 51.16 53.31 33.02
57.01 26.93 31.89 22.85 35.44 20.02 39.46 45.89 34.01 72.47 50.57 48.84 73.24 52.01 30.89 48.80 63.60 16.12 9.49 50.29 29.83 59.30 52.92 36.69 64.20 32.06 33.84 37.48 49.16 39.29 38.90 36.77 0.00 71.03 40.26 42.94 62.27 29.73 54.15 45.28 19.00 59.20 24.70 30.27 56.52 22.67 8.60 35.44 27.80 35.47 34.48 46.23 18.00 24.70 36.07 50.12 29.21 9.43 30.87 53.15 25.30 43.42 30.02 44.69 29.41 31.91 61.27 49.77 17.72 49.74 30.61 43.01 16.40 48.76 24.33 2.00 57.27 52.24 47.85 32.65 33.38 26.17 8.60 61.20 55.54 56.36 63.66 32.02 67.12 64.38 60.30 51.22 25.63 62.65 45.62 28.18 25.50 19.72 37.34 39.82
120.60 88.60 84.40 48.92 48.51 83.49 39.82 98.98 46.65 87.02 23.32 119.21 83.02 40.45 64.01 93.26 23.19 79.91 74.33 98.84 74.95 47.01 61.66 47.38 7.28 92.01 94.87 64.12 109.29 48.09 46.17 60.01 71.03 0.00 68.03 29.00 10.77 70.83 45.18 89.36 56.59 128.76 95.69 89.20 119.40 69.40 79.20 56.36 68.26 102.55 105.39 117.20 86.35 76.61 36.25 118.11 84.20 71.12 90.44 108.41 68.15 31.78 99.09 29.83 76.90 102.90 68.07 95.34 78.57 118.09 75.80 112.54 87.42 81.02 64.29 72.67 53.04 36.50 63.79 103.46 91.02 57.01 71.51 36.12 118.60 123.84 88.12 99.32 73.01 89.11 35.06 20.12 60.46 32.25 90.38 47.76 71.31 90.70 45.40 31.83
94.13 32.65 22.80 43.14 20.62 60.02 59.08 86.12 58.14 107.62 58.82 78.45 107.06 72.72 65.46 25.50 74.04 56.29 49.73 90.52 68.45 82.38 83.44 21.38 61.00 72.01 35.61 4.47 88.20 20.02 22.09 68.88 40.26 68.03 0.00 51.62 64.50 67.12 77.10 21.84 48.60 89.84 53.15 70.41 94.05 60.37 46.27 65.86 64.50 72.06 59.46 72.80 39.81 64.26 37.34 84.17 24.70 31.40 31.62 93.06 15.13 37.34 65.19 39.32 16.55 58.52 92.63 89.81 57.97 83.36 69.35 75.50 49.09 13.60 16.16 39.81 83.41 70.71 80.06 57.25 73.55 18.38 48.38 78.72 93.05 90.43 100.70 45.65 99.01 101.55 77.39 50.49 58.82 78.00 85.44 26.93 16.03 49.50 23.35 49.24
91.84 63.79 62.01 20.25 31.30 54.49 14.04 71.18 19.42 68.41 8.06 90.43 65.79 23.60 36.69 74.33 23.09 50.91 45.45 71.78 47.01 33.42 41.48 30.89 23.02 63.25 70.58 47.17 80.78 33.29 31.06 34.23 42.94 29.00 51.62 0.00 19.42 43.08 28.84 70.21 27.59 99.82 67.60 60.46 90.70 40.82 50.77 30.27 40.31 73.55 77.41 88.75 59.46 48.02 14.32 89.11 61.03 44.64 66.37 80.53 46.17 17.80 70.18 16.64 55.15 74.79 49.98 68.68 49.58 89.10 47.93 83.63 59.17 65.19 42.19 44.72 36.72 20.52 41.30 75.59 62.43 35.51 42.64 27.46 89.87 94.85 66.27 73.08 56.08 67.27 26.08 12.17 32.20 26.40 63.60 25.50 49.09 62.65 29.15 3.16
110.26 81.74 78.64 39.66 44.10 73.55 29.15 88.32 36.06 77.03 12.81 109.81 73.25 30.07 53.34 89.05 14.76 70.09 64.82 88.10 64.35 37.34 51.24 43.19 8.54 81.69 88.29 60.30 98.81 44.55 42.43 49.24 62.27 10.77 64.50 19.42 0.00 60.21 35.00 85.02 46.75 119.10 86.95 78.87 109.02 59.03 70.18 45.62 57.69 92.66 96.75 108.17 78.39 66.22 29.43 108.21 78.09 63.32 83.95 97.75 62.39 27.17 89.50 25.18 71.34 94.15 58.01 84.58 68.59 108.25 65.19 102.94 78.55 77.93 58.42 64.01 43.05 26.08 53.15 94.89 80.60 51.24 62.01 26.93 108.23 113.85 77.65 91.76 63.20 78.64 25.71 14.04 50.00 23.41 79.62 41.44 65.49 81.99 41.19 22.47
50.93 55.76 61.62 29.02 55.32 21.00 31.06 28.18 24.19 42.80 47.51 57.28 43.91 36.62 7.07 78.52 54.45 20.40 21.95 28.86 4.24 39.56 27.00 56.09 65.74 23.32 62.27 63.51 38.95 59.23 57.87 13.42 29.73 70.83 67.12 43.08 60.21 0.00 35.78 74.95 20.22 63.98 43.57 20.59 49.50 7.07 29.97 15.62 3.00 37.34 52.09 58.69 44.72 9.06 46.10 51.88 58.90 38.90 59.91 37.59 53.25 54.23 37.48 54.45 58.80 49.09 33.73 26.17 17.26 52.33 5.00 49.34 36.40 77.42 51.11 31.24 34.93 39.05 21.02 51.24 21.40 49.77 21.40 46.32 48.80 56.60 34.06 57.25 38.90 34.83 46.04 55.03 11.18 49.41 21.10 45.89 54.20 40.26 55.73 41.11
85.80 80.23 81.91 35.47 58.14 55.36 18.03 60.88 20.62 42.05 26.25 92.70 38.47 5.39 29.15 96.77 23.09 53.37 51.24 58.80 39.82 5.39 16.76 58.05 43.10 59.06 87.30 72.67 73.41 60.83 58.69 22.36 54.15 45.18 77.10 28.84 35.00 35.78 0.00 92.70 35.23 99.74 75.54 56.36 84.20 38.60 59.08 20.88 34.54 73.01 85.00 93.41 72.11 44.38 41.73 87.66 80.08 60.21 83.74 70.01 68.03 46.62 72.42 45.49 76.32 82.04 23.02 54.67 50.70 88.10 40.31 84.86 67.27 90.21 64.40 56.14 8.25 9.22 20.25 83.73 56.94 59.17 49.09 11.40 83.60 92.28 43.17 86.05 28.44 44.15 11.66 38.63 30.41 15.26 50.25 50.22 70.38 71.25 56.59 29.83
89.44 23.77 13.89 57.27 41.01 61.91 75.03 87.66 72.45 117.52 77.93 69.03 117.92 88.96 75.29 4.12 93.21 59.08 54.04 93.15 75.07 98.09 95.96 42.05 82.22 72.90 22.02 25.32 86.33 41.30 43.19 80.21 45.28 89.36 21.84 70.21 85.02 74.95 92.70 0.00 59.91 80.16 47.07 72.07 89.82 67.88 47.71 77.94 72.86 68.41 50.01 62.20 35.47 69.66 56.44 77.32 17.00 36.07 20.22 92.85 24.70 58.01 61.13 60.01 16.64 50.16 104.86 93.49 61.61 76.24 75.82 68.26 46.62 12.81 28.46 43.93 97.95 87.60 91.61 48.04 75.18 34.71 53.81 96.17 88.84 83.15 108.93 34.01 111.02 109.66 94.92 71.01 69.20 96.05 89.87 44.72 22.36 45.22 44.05 67.47
64.66 45.12 47.85 9.22 35.17 26.91 20.88 46.10 15.03 59.03 34.21 63.25 58.69 33.02 17.00 63.81 45.69 23.35 18.36 48.17 23.00 40.45 36.06 35.90 50.45 36.24 52.17 44.65 54.13 39.05 37.66 20.52 19.00 56.59 48.60 27.59 46.75 20.22 35.23 59.91 0.00 72.35 42.06 33.54 63.63 15.13 25.00 18.03 17.26 45.97 51.87 62.18 37.00 21.84 26.68 61.52 45.69 25.30 48.76 55.08 36.12 34.93 42.80 35.44 43.27 49.04 45.00 46.00 22.02 61.52 24.00 56.22 33.53 60.11 33.24 21.00 38.90 33.38 31.89 50.29 35.85 30.53 15.65 42.30 62.77 67.27 52.35 51.01 51.22 53.24 41.44 38.28 10.30 43.93 41.01 25.71 37.80 37.36 35.51 24.84
22.47 58.05 69.05 79.91 93.15 45.80 91.84 45.04 84.88 92.01 106.53 11.40 96.13 100.24 70.66 81.01 116.76 49.04 54.45 51.01 60.01 103.47 89.19 94.51 122.33 40.85 58.14 89.20 32.06 96.65 96.75 77.39 59.20 128.76 89.84 99.82 119.10 63.98 99.74 80.16 72.35 0.00 37.16 43.46 24.35 61.91 50.61 79.18 65.30 26.93 30.59 18.00 50.33 55.47 95.13 12.37 66.29 63.13 60.53 40.45 76.32 102.62 29.70 103.86 73.50 31.32 93.17 55.01 50.80 11.70 59.62 16.28 43.57 90.93 77.88 58.01 98.43 102.22 83.17 32.76 43.32 82.76 57.28 110.06 24.04 10.44 80.01 46.17 96.18 80.00 109.66 109.62 71.02 112.87 56.32 87.09 74.33 41.59 95.52 96.94
42.43 23.35 34.13 47.41 56.30 23.09 62.94 43.86 56.75 83.77 75.13 25.94 86.03 74.33 48.04 49.04 87.66 23.19 24.33 50.21 41.23 80.31 70.35 57.69 88.81 29.83 26.40 52.20 39.81 59.68 59.91 55.01 24.70 95.69 53.15 67.60 86.95 43.57 75.54 47.07 42.06 37.16 0.00 30.23 42.76 38.05 17.09 55.08 43.19 21.54 9.85 21.93 13.34 34.93 60.31 31.14 31.06 26.40 26.93 47.17 39.22 67.18 14.32 68.62 37.22 7.21 77.28 51.86 26.31 30.27 41.48 22.36 8.54 56.04 40.72 23.02 77.01 75.19 64.50 8.25 32.80 45.79 26.68 83.95 41.77 37.34 72.90 16.28 82.23 73.36 83.20 75.80 45.18 85.87 49.65 50.99 37.36 5.00 58.82 64.50
31.40 49.41 58.18 42.54 64.28 10.44 50.21 15.81 43.14 54.41 66.07 37.48 57.27 57.14 27.46 74.95 74.52 14.14 21.02 21.10 16.55 60.01 46.10 65.38 83.49 2.83 54.56 67.74 20.62 68.26 67.48 34.00 30.27 89.20 70.41 60.46 78.87 20.59 56.36 72.07 33.54 43.46 30.23 0.00 30.23 19.85 24.70 36.06 22.20 17.26 36.40 40.01 37.20 12.73 59.81 31.30 55.07 39.05 53.60 23.00 55.32 68.01 19.42 68.71 57.94 33.62 51.09 21.93 13.04 31.78 16.16 29.43 26.25 77.83 54.59 30.59 55.03 59.41 40.02 36.25 3.16 56.01 23.02 66.89 29.41 36.06 43.08 46.23 55.04 43.46 66.57 71.69 29.00 69.89 19.42 55.73 55.08 29.00 65.62 57.98
2.00 66.10 76.79 72.47 91.92 37.70 80.16 24.17 73.11 69.58 96.21 27.59 74.15 85.80 56.57 91.68 103.95 41.79 48.70 28.86 45.25 87.09 71.20 93.15 113.72 27.46 68.68 92.27 10.82 95.80 95.34 62.37 56.52 119.40 94.05 90.70 109.02 49.50 84.20 89.82 63.63 24.35 42.76 30.23 0.00 50.00 48.66 65.07 51.66 22.00 41.63 34.71 55.23 42.80 89.47 15.56 73.68 63.51 69.63 17.12 79.16 97.58 29.07 98.41 79.10 40.50 73.54 33.24 42.05 16.97 44.55 23.32 45.00 98.51 79.51 56.09 81.30 88.46 65.51 43.08 28.43 82.57 51.26 95.27 1.00 13.93 57.71 57.25 75.58 57.56 95.13 101.87 59.03 98.60 35.85 84.12 78.03 45.18 93.68 88.20
51.22 48.88 54.56 24.33 49.50 16.76 30.41 31.05 23.35 49.82 46.23 54.23 50.77 38.48 10.00 71.45 55.00 15.03 15.23 33.06 8.25 42.95 32.39 50.36 63.81 22.67 55.47 56.86 39.96 53.46 52.24 17.03 22.67 69.40 60.37 40.82 59.03 7.07 38.60 67.88 15.13 61.91 38.05 19.85 50.00 0.00 23.41 17.72 5.39 34.99 47.04 54.82 38.08 7.21 41.77 50.22 51.86 31.83 53.00 40.16 46.32 50.01 33.84 50.45 51.74 44.05 39.85 31.06 12.17 50.48 9.22 46.52 30.41 70.46 44.29 24.21 39.12 40.31 26.68 46.00 21.63 43.32 14.42 48.33 49.20 55.44 41.11 50.96 45.31 41.87 47.85 52.33 9.22 51.00 26.17 40.20 47.20 34.37 50.16 38.47
49.03 26.25 33.84 30.53 43.66 14.32 45.88 40.50 39.81 72.40 58.18 40.31 73.82 57.56 32.98 50.80 70.58 11.40 8.25 45.62 28.84 64.01 55.54 44.94 72.47 25.96 32.45 44.01 42.01 47.43 47.17 39.62 8.60 79.20 46.27 50.77 70.18 29.97 59.08 47.71 25.00 50.61 17.09 24.70 48.66 23.41 0.00 39.12 28.79 27.20 26.93 38.01 14.76 22.80 44.60 41.59 30.81 15.00 30.48 46.87 31.14 52.01 21.47 53.26 33.24 24.17 63.25 45.79 14.14 41.18 29.41 34.41 8.54 53.14 31.02 7.62 61.20 58.25 50.00 25.30 27.86 33.96 10.00 67.08 47.68 47.85 62.63 27.66 68.71 63.25 66.29 59.55 29.07 68.88 42.20 36.72 30.59 12.37 45.69 47.71
66.53 62.30 65.76 23.02 50.12 34.48 16.76 43.01 11.00 42.19 33.24 71.87 41.23 21.10 8.60 81.84 38.90 32.56 31.02 42.49 19.85 25.32 18.03 50.54 51.87 38.83 69.26 61.72 54.45 53.67 51.89 4.00 35.44 56.36 65.86 30.27 45.62 15.62 20.88 77.94 18.03 79.18 55.08 36.06 65.07 17.72 39.12 0.00 13.89 52.33 64.38 72.53 52.95 23.71 37.11 67.23 63.51 42.95 66.13 52.43 54.04 44.55 51.55 44.28 61.29 61.40 27.02 39.00 29.83 67.60 20.52 64.08 47.00 77.83 50.99 37.36 22.09 23.43 14.21 63.20 37.01 47.51 29.15 30.89 64.38 72.11 37.36 66.61 33.30 38.33 30.53 42.43 10.05 33.84 34.01 40.82 55.80 51.00 49.66 29.02
53.04 54.20 59.67 26.02 52.39 21.21 28.60 30.87 21.63 44.69 44.94 58.19 45.49 34.99 5.39 76.49 52.40 20.02 20.62 31.78 6.71 38.60 27.17 53.15 63.06 25.00 60.83 60.83 41.23 56.29 54.92 12.37 27.80 68.26 64.50 40.31 57.69 3.00 34.54 72.86 17.26 65.30 43.19 22.20 51.66 5.39 28.79 13.89 0.00 38.48 52.00 59.23 43.46 9.85 43.10 53.34 57.01 36.80 58.31 40.25 50.80 51.24 38.08 51.48 56.59 49.00 34.48 29.15 17.00 53.71 7.62 50.33 35.69 75.00 48.55 29.41 34.37 37.20 21.38 51.04 23.35 47.01 19.72 44.78 50.93 58.25 36.40 56.32 39.92 37.20 44.42 52.20 8.25 47.71 24.08 42.95 51.86 39.62 52.77 38.28
22.09 44.64 55.11 54.04 70.84 19.10 65.00 25.06 58.01 70.21 79.98 20.22 73.55 73.36 43.86 70.52 89.87 22.67 28.84 31.76 33.53 76.90 63.35 72.11 96.33 15.03 47.93 70.35 18.36 74.63 74.33 50.70 35.47 102.55 72.06 73.55 92.66 37.34 73.01 68.41 45.97 26.93 21.54 17.26 22.00 34.99 27.20 52.33 38.48 0.00 23.35 23.35 33.38 28.64 70.18 15.56 51.97 41.77 48.38 26.25 57.22 78.03 7.28 79.08 57.14 21.26 68.26 34.54 24.08 15.62 33.24 12.17 23.00 76.66 57.71 34.79 72.12 75.29 57.27 24.08 18.00 61.13 31.62 83.19 21.00 21.40 58.46 37.22 72.01 58.69 82.76 83.87 44.10 85.96 33.96 63.56 56.04 23.35 72.80 70.77
40.85 27.46 38.47 57.25 64.82 31.14 72.73 48.01 66.48 90.76 84.97 19.24 93.41 83.95 57.04 51.24 97.50 32.02 33.96 54.64 49.37 89.68 79.06 66.22 98.47 35.34 28.07 59.09 41.23 68.01 68.41 64.07 34.48 105.39 59.46 77.41 96.75 52.09 85.00 50.01 51.87 30.59 9.85 36.40 41.63 47.04 26.93 64.38 52.00 23.35 0.00 13.42 20.81 43.19 69.81 27.66 35.69 35.36 30.07 49.52 46.53 76.49 17.49 77.99 43.01 3.00 85.59 56.94 35.00 26.48 49.50 18.68 18.38 60.41 48.55 32.76 86.15 84.90 73.11 2.24 38.48 54.20 36.40 93.62 40.72 33.24 79.48 16.12 90.26 79.85 92.89 85.45 54.59 95.60 55.46 60.11 44.28 14.76 67.48 74.30
33.42 40.52 51.42 68.51 78.01 38.08 82.76 47.76 76.16 93.56 96.04 7.62 96.88 92.97 64.54 63.01 107.79 40.16 43.83 54.42 55.33 97.74 85.48 79.40 110.42 38.12 40.20 72.50 37.74 81.27 81.61 71.59 46.23 117.20 72.80 88.75 108.17 58.69 93.41 62.20 62.18 18.00 21.93 40.01 34.71 54.82 38.01 72.53 59.23 23.35 13.42 0.00 34.13 49.65 82.13 19.21 48.76 48.27 42.76 46.65 59.94 89.10 21.21 90.52 56.30 15.00 91.02 57.57 42.72 17.80 55.23 12.53 29.83 73.16 61.91 44.69 93.56 94.34 79.40 15.65 41.19 67.42 46.53 102.79 33.97 23.26 81.79 28.28 95.05 82.00 102.18 97.45 63.25 105.11 57.27 72.92 57.70 26.87 80.60 85.70
55.08 12.21 21.84 40.02 44.05 27.59 57.31 52.48 52.01 87.13 67.36 39.00 88.59 70.01 47.43 38.01 81.02 25.61 22.85 58.25 43.57 77.23 69.92 45.45 79.26 37.74 17.80 38.90 50.96 47.20 47.63 53.85 18.00 86.35 39.81 59.46 78.39 44.72 72.11 35.47 37.00 50.33 13.34 37.20 55.23 38.08 14.76 52.95 43.46 33.38 20.81 34.13 0.00 37.44 50.25 44.41 18.68 15.26 16.40 57.38 26.00 56.40 26.17 58.01 24.02 19.24 77.83 59.03 28.60 43.57 44.10 35.69 11.18 43.29 27.78 16.00 74.97 70.18 64.51 18.60 40.22 33.42 24.04 79.16 54.23 50.64 77.20 14.04 83.38 77.80 78.23 66.24 42.95 80.50 55.90 39.82 24.04 10.05 46.75 56.30
44.05 49.04 55.97 31.05 55.08 12.04 37.48 24.33 30.41 49.74 53.41 48.38 51.48 44.78 15.23 73.00 61.85 12.08 15.62 27.07 6.32 48.38 36.01 56.04 71.02 15.56 55.22 61.03 32.76 59.08 58.01 22.14 24.70 76.61 64.26 48.02 66.22 9.06 44.38 69.66 21.84 55.47 34.93 12.73 42.80 7.21 22.80 23.71 9.85 28.64 43.19 49.65 37.44 0.00 48.51 43.57 53.08 34.13 53.26 33.24 49.66 56.75 28.44 57.28 54.08 40.20 42.43 25.71 8.94 43.91 6.71 40.50 28.23 73.43 48.10 25.81 43.93 46.87 30.00 42.43 14.42 48.05 16.12 54.59 42.01 48.60 39.82 49.24 47.30 40.46 54.20 59.48 16.28 57.45 21.19 46.00 50.12 31.95 56.00 45.65
90.34 52.50 49.25 17.46 17.00 51.88 24.41 72.78 26.57 78.39 21.59 84.90 76.48 36.80 41.05 60.53 36.88 47.89 41.34 74.67 49.37 46.69 51.88 16.64 29.07 62.39 58.94 32.89 80.41 19.21 17.03 41.00 36.07 36.25 37.34 14.32 29.43 46.10 41.73 56.44 26.68 95.13 60.31 59.81 89.47 41.77 44.60 37.11 43.10 70.18 69.81 82.13 50.25 48.51 0.00 85.45 48.66 34.99 54.57 81.74 33.06 8.25 65.60 8.94 42.05 67.48 60.90 72.25 47.42 85.21 50.36 78.87 52.35 50.92 29.07 37.48 49.04 34.21 50.33 67.80 62.30 22.00 38.59 41.68 88.57 91.53 74.46 63.07 67.23 75.43 40.31 16.16 35.01 40.72 67.19 12.04 36.12 55.32 15.00 12.21
14.21 54.01 65.00 69.53 85.09 34.66 80.43 33.02 73.41 80.02 95.52 12.04 84.02 88.32 58.67 78.77 105.21 38.21 44.20 39.20 47.85 91.29 76.84 86.41 111.87 28.64 55.58 82.98 20.62 88.77 88.64 65.30 50.12 118.11 84.17 89.11 108.21 51.88 87.66 77.32 61.52 12.37 31.14 31.30 15.56 50.22 41.59 67.23 53.34 15.56 27.66 19.21 44.41 43.57 85.45 0.00 62.01 55.36 57.14 29.41 69.86 93.19 20.12 94.30 68.36 27.17 80.81 43.05 39.62 1.41 47.42 9.06 35.74 87.01 70.88 49.19 86.16 90.43 70.84 29.43 31.02 75.03 47.01 98.11 14.87 6.32 68.03 43.74 83.86 68.07 97.75 99.36 59.41 101.02 44.10 78.29 68.25 34.71 87.24 86.31
73.44 8.25 3.16 44.91 36.67 44.94 63.15 70.66 59.48 101.67 69.07 54.92 102.42 76.90 59.91 20.00 84.00 42.20 37.48 76.16 58.69 85.44 81.41 38.01 76.92 55.90 11.40 25.50 69.64 38.59 39.82 65.37 29.21 84.20 24.70 61.03 78.09 58.90 80.08 17.00 45.69 66.29 31.06 55.07 73.68 51.86 30.81 63.51 57.01 51.97 35.69 48.76 18.68 53.08 48.66 62.01 0.00 20.59 7.07 75.96 16.16 52.50 44.72 54.41 8.49 35.23 90.05 76.55 44.82 61.03 59.40 53.04 29.73 25.00 19.92 27.66 84.50 76.12 76.66 33.54 58.18 27.20 37.54 85.00 72.69 68.07 92.66 21.02 96.04 93.35 83.86 64.54 54.20 85.48 73.01 36.67 13.00 28.64 39.81 58.01
63.79 20.10 23.02 26.02 30.02 28.64 44.05 54.82 39.62 81.47 52.63 52.15 82.01 57.43 39.41 39.70 66.75 25.00 18.79 59.46 39.20 65.51 60.83 31.38 64.01 40.61 27.17 29.02 57.01 33.54 33.62 44.78 9.43 71.12 31.40 44.64 63.32 38.90 60.21 36.07 25.30 63.13 26.40 39.05 63.51 31.83 15.00 42.95 36.80 41.77 35.36 48.27 15.26 34.13 34.99 55.36 20.59 0.00 23.54 61.66 16.28 41.23 35.44 42.80 20.00 33.30 69.46 59.09 26.93 54.78 40.00 47.42 19.70 39.36 16.03 8.54 64.20 57.08 56.08 33.24 42.20 19.70 18.03 66.07 62.51 61.68 72.92 28.46 75.47 73.66 65.03 51.00 33.62 67.01 55.01 24.76 16.16 21.63 32.45 41.48
69.23 4.24 8.94 49.16 43.42 43.93 67.36 68.80 63.15 102.65 74.43 49.25 103.77 80.89 61.72 22.14 89.14 41.73 38.01 74.63 59.20 89.05 83.77 44.78 83.17 54.08 4.47 32.56 66.48 45.49 46.65 67.62 30.87 90.44 31.62 66.37 83.95 59.91 83.74 20.22 48.76 60.53 26.93 53.60 69.63 53.00 30.48 66.13 58.31 48.38 30.07 42.76 16.40 53.26 54.57 57.14 7.07 23.54 0.00 73.35 22.83 58.87 41.11 60.75 15.56 30.02 92.14 75.43 44.60 56.08 59.82 48.09 27.46 30.41 26.40 29.07 87.64 80.40 78.72 28.02 56.61 33.62 38.59 89.36 68.66 63.03 93.09 14.56 97.95 93.72 88.28 70.60 56.46 90.09 72.25 42.72 19.72 25.50 46.53 63.29
19.10 69.35 79.12 64.29 87.21 33.14 68.60 9.43 61.77 52.47 85.09 40.72 57.07 72.25 44.42 95.34 91.05 37.05 44.01 12.08 33.54 72.35 55.80 88.28 103.31 21.10 73.43 90.55 8.94 91.20 90.35 49.20 53.15 108.41 93.06 80.53 97.75 37.59 70.01 92.85 55.08 40.45 47.17 23.00 17.12 40.16 46.87 52.43 40.25 26.25 49.52 46.65 57.38 33.24 81.74 29.41 75.96 61.66 73.35 0.00 77.93 89.99 33.02 90.52 79.81 47.51 57.25 16.55 36.01 30.68 32.65 34.13 46.24 99.72 77.41 53.34 66.22 75.29 50.45 50.33 20.02 79.01 46.01 81.32 17.03 30.15 40.61 63.25 58.87 40.45 81.34 92.31 48.33 84.90 20.00 78.52 77.47 47.85 88.46 78.39
79.31 22.02 16.28 32.65 20.59 44.91 50.33 71.06 47.89 94.85 54.08 65.00 94.76 64.26 52.40 28.79 69.26 41.23 34.79 75.58 54.20 73.41 72.01 21.95 60.88 56.89 27.29 13.15 73.11 22.80 23.85 56.64 25.30 68.15 15.13 46.17 62.39 53.25 68.03 24.70 36.12 76.32 39.22 55.32 79.16 46.32 31.14 54.04 50.80 57.22 46.53 59.94 26.00 49.66 33.06 69.86 16.16 16.28 22.83 77.93 0.00 36.40 50.49 38.33 9.00 45.19 81.06 75.03 43.01 69.12 55.07 61.40 34.37 24.21 4.00 24.74 73.43 62.94 68.01 44.29 58.46 11.18 33.62 71.57 78.16 76.16 87.20 34.66 87.32 88.01 70.34 48.66 45.97 71.59 70.77 21.02 3.16 35.17 23.71 43.29
98.41 57.27 52.63 25.71 17.00 59.93 30.46 81.02 33.73 85.09 23.02 92.20 82.86 41.40 49.00 62.00 37.58 55.90 49.24 82.87 57.56 51.22 58.31 16.03 24.52 70.58 63.32 33.14 88.60 17.46 15.30 48.51 43.42 31.78 37.34 17.80 27.17 54.23 46.62 58.01 34.93 102.62 67.18 68.01 97.58 50.01 52.01 44.55 51.24 78.03 76.49 89.10 56.40 56.75 8.25 93.19 52.50 41.23 58.87 89.99 36.40 0.00 73.24 2.00 45.12 74.28 67.12 80.40 55.54 92.91 58.55 86.40 59.46 50.80 32.57 44.69 54.38 38.29 57.28 74.41 70.52 25.30 46.53 44.69 96.66 99.32 81.79 68.60 73.35 82.76 43.28 13.15 43.10 43.01 75.33 16.64 39.56 62.23 14.04 17.00
29.00 37.36 47.85 50.21 65.00 17.09 62.77 30.61 55.95 73.76 77.01 20.59 76.69 72.24 43.42 63.25 87.82 19.72 24.76 37.20 34.13 76.66 64.28 66.31 92.63 18.03 40.72 63.64 25.50 68.71 68.54 50.45 30.02 99.09 65.19 70.18 89.50 37.48 72.42 61.13 42.80 29.70 14.32 19.42 29.07 33.84 21.47 51.55 38.08 7.28 17.49 21.21 26.17 28.44 65.60 20.12 44.72 35.44 41.11 33.02 50.49 73.24 0.00 74.40 50.04 15.00 70.01 39.45 21.93 19.72 34.06 13.45 16.12 69.46 51.20 29.07 72.37 73.82 58.22 17.80 21.19 55.03 27.59 82.08 28.07 26.40 62.30 30.23 74.24 62.63 81.54 79.93 42.54 84.58 38.08 58.18 49.16 16.12 67.12 67.27
99.28 59.09 54.57 26.25 19.00 60.83 29.73 81.49 33.38 84.43 21.40 93.51 82.08 40.22 49.04 64.00 35.78 56.82 50.25 83.19 57.87 50.00 57.58 18.03 22.56 71.31 65.19 35.13 89.32 19.42 17.26 48.26 44.69 29.83 39.32 16.64 25.18 54.45 45.49 60.01 35.44 103.86 68.62 68.71 98.41 50.45 53.26 44.28 51.48 79.08 77.99 90.52 58.01 57.28 8.94 94.30 54.41 42.80 60.75 90.52 38.33 2.00 74.40 0.00 47.07 75.74 66.31 80.62 56.36 94.05 58.86 87.62 60.83 52.77 34.48 46.01 53.34 37.01 56.75 75.93 71.17 27.20 47.51 43.19 97.51 100.40 81.39 70.33 72.50 82.38 41.77 11.18 43.29 41.40 75.54 18.36 41.48 63.66 16.03 16.16
79.03 16.12 7.62 40.85 28.79 47.54 58.82 73.74 55.95 101.14 63.07 62.10 101.41 72.73 58.80 20.59 78.23 44.28 38.59 78.79 59.20 81.71 79.32 30.08 69.63 59.14 19.85 17.03 74.15 30.41 31.78 63.60 29.41 76.90 16.55 55.15 71.34 58.80 76.32 16.64 43.27 73.50 37.22 57.94 79.10 51.74 33.24 61.29 56.59 57.14 43.01 56.30 24.02 54.08 42.05 68.36 8.49 20.00 15.56 79.81 9.00 45.12 50.04 47.07 0.00 42.20 88.23 78.71 46.53 67.48 60.00 59.54 34.23 19.92 13.00 28.30 81.39 71.57 75.00 40.80 61.10 20.10 38.01 80.28 78.10 74.55 92.85 29.15 94.40 93.61 79.08 57.56 52.63 80.41 74.79 30.02 6.08 34.00 31.95 52.24
39.85 27.07 38.12 54.59 63.01 28.16 69.89 45.61 63.60 87.92 82.30 19.92 90.52 81.02 54.04 51.62 94.70 29.02 31.05 52.20 46.39 86.70 76.06 64.40 96.02 32.65 28.44 57.94 39.41 66.29 66.61 61.07 31.91 102.90 58.52 74.79 94.15 49.09 82.04 50.16 49.04 31.32 7.21 33.62 40.50 44.05 24.17 61.40 49.00 21.26 3.00 15.00 19.24 40.20 67.48 27.17 35.23 33.30 30.02 47.51 45.19 74.28 15.00 75.74 42.20 0.00 82.61 54.38 32.00 26.08 46.53 18.11 15.65 60.13 47.01 30.23 83.15 82.01 70.11 2.83 35.78 52.43 33.53 90.71 39.56 33.02 76.69 16.76 87.30 77.08 89.99 83.01 51.62 92.72 52.77 58.00 43.08 12.21 65.60 71.69
